4d5a 9000 0300 0000 0400 0000 ffff 0000
b800 0000 0000 0000 4000 0000 0000 0000
0000 0000 0000 0000 0000 0000 0000 0000
0000 0000 0000 0000 0000 0000 d000 0000
0e1f ba0e 00b4 09cd 21b8 014c cd21 5468
6973 2070 726f 6772 616d 2063 616e 6e6f
7420 6265 2072 756e 2069 6e20 444f 5320
6d6f 6465 2e0d 0d0a 2400 0000 0000 0000
8532 f2cd c153 9c9e c153 9c9e c153 9c9e
b1d2 989f c553 9c9e b1d2 9c9f c053 9c9e
b1d2 639e c053 9c9e b1d2 9e9f c053 9c9e
5269 6368 c153 9c9e 0000 0000 0000 0000
0000 0000 0000 0000 0000 0000 0000 0000
5045 0000 4c01 0600 f110 a31d 0000 0000
0000 0000 e000 0221 0b01 0e26 0002 0000
000e 0000 0000 0000 0000 0000 0010 0000
0020 0000 0000 0010 0010 0000 0002 0000
0a00 0000 0a00 0000 0a00 0000 0000 0000
0070 0000 0004 0000 7f5e 0000 0200 4045
0000 0400 0010 0000 0000 1000 0010 0000
0000 0000 1000 0000 4021 0000 4001 0000
0000 0000 0000 0000 0050 0000 0004 0000
0000 0000 0000 0000 0000 0000 0000 0000
0060 0000 2000 0000 c820 0000 7000 0000
0000 0000 0000 0000 0000 0000 0000 0000
0000 0000 0000 0000 0020 0000 c000 0000
0000 0000 0000 0000 0000 0000 0000 0000
0000 0000 0000 0000 0000 0000 0000 0000
0000 0000 0000 0000 2e74 6578 7400 0000
1300 0000 0010 0000 0002 0000 0004 0000
0000 0000 0000 0000 0000 0000 2000 0060
2e72 6461 7461 0000 bc03 0000 0020 0000
0004 0000 0006 0000 0000 0000 0000 0000
0000 0000 4000 0040 2e64 6174 6100 0000
4000 0000 0030 0000 0002 0000 000a 0000
0000 0000 0000 0000 0000 0000 4000 00c0
2e30 3063 6667 0000 0800 0000 0040 0000
0002 0000 000c 0000 0000 0000 0000 0000
0000 0000 4000 0040 2e72 7372 6300 0000
0004 0000 0050 0000 0004 0000 000e 0000
0000 0000 0000 0000 0000 0000 4000 0040
2e72 656c 6f63 0000 2000 0000 0060 0000
0002 0000 0012 0000 0000 0000 0000 0000
0000 0000 4000 0042 0000 0000 0000 0000
0000 0000 0000 0000 0000 0000 0000 0000
0000 0000 0000 0000 0000 0000 0000 0000
0000 0000 0000 0000 0000 0000 0000 0000
0000 0000 0000 0000 0000 0000 0000 0000
0000 0000 0000 0000 0000 0000 0000 0000
0000 0000 0000 0000 0000 0000 0000 0000
0000 0000 0000 0000 0000 0000 0000 0000
0000 0000 0000 0000 0000 0000 0000 0000
0000 0000 0000 0000 0000 0000 0000 0000
0000 0000 0000 0000 0000 0000 0000 0000
0000 0000 0000 0000 0000 0000 0000 0000
0000 0000 0000 0000 0000 0000 0000 0000
0000 0000 0000 0000 0000 0000 0000 0000
0000 0000 0000 0000 0000 0000 0000 0000
0000 0000 0000 0000 0000 0000 0000 0000
0000 0000 0000 0000 0000 0000 0000 0000
0000 0000 0000 0000 0000 0000 0000 0000
0000 0000 0000 0000 0000 0000 0000 0000
0000 0000 0000 0000 0000 0000 0000 0000
0000 0000 0000 0000 0000 0000 0000 0000
cccc cccc cccc cccc cccc cccc cccc cccc
c200 0000 0000 0000 0000 0000 0000 0000
0000 0000 0000 0000 0000 0000 0000 0000
0000 0000 0000 0000 0000 0000 0000 0000
0000 0000 0000 0000 0000 0000 0000 0000
0000 0000 0000 0000 0000 0000 0000 0000
0000 0000 0000 0000 0000 0000 0000 0000
0000 0000 0000 0000 0000 0000 0000 0000
0000 0000 0000 0000 0000 0000 0000 0000
0000 0000 0000 0000 0000 0000 0000 0000
0000 0000 0000 0000 0000 0000 0000 0000
0000 0000 0000 0000 0000 0000 0000 0000
0000 0000 0000 0000 0000 0000 0000 0000
0000 0000 0000 0000 0000 0000 0000 0000
0000 0000 0000 0000 0000 0000 0000 0000
0000 0000 0000 0000 0000 0000 0000 0000
0000 0000 0000 0000 0000 0000 0000 0000
0000 0000 0000 0000 0000 0000 0000 0000
0000 0000 0000 0000 0000 0000 0000 0000
0000 0000 0000 0000 0000 0000 0000 0000
0000 0000 0000 0000 0000 0000 0000 0000
0000 0000 0000 0000 0000 0000 0000 0000
0000 0000 0000 0000 0000 0000 0000 0000
0000 0000 0000 0000 0000 0000 0000 0000
0000 0000 0000 0000 0000 0000 0000 0000
0000 0000 0000 0000 0000 0000 0000 0000
0000 0000 0000 0000 0000 0000 0000 0000
0000 0000 0000 0000 0000 0000 0000 0000
0000 0000 0000 0000 0000 0000 0000 0000
0000 0000 0000 0000 0000 0000 0000 0000
0000 0000 0000 0000 0000 0000 0000 0000
0000 0000 0000 0000 0000 0000 0000 0000
c000 0000 0000 0000 0000 0000 0000 0000
0000 0000 0000 0000 0000 0000 0000 0000
0000 0000 0000 0000 0000 0000 0000 0000
0000 0000 0000 0000 0000 0000 0030 0010
0000 0000 0000 0000 0040 0010 0000 0000
c020 0010 0100 0000 0075 0100 0000 0000
0000 0000 0000 0000 0000 0000 0000 0000
0000 0000 0000 0000 0000 0000 0000 0000
0000 0000 0000 0000 0000 0000 0000 0000
0000 0000 0000 0000 0000 0000 0000 0000
8022 0010 0000 0000 0000 0000 0000 0000
0000 0000 0000 0000 0440 0010 0000 0000
1010 0000 0000 0000 0000 0000 f110 a31d
0000 0000 0200 0000 2500 0000 9822 0000
9808 0000 0000 0000 f110 a31d 0000 0000
0d00 0000 d400 0000 c022 0000 c008 0000
0000 0000 f110 a31d 0000 0000 1000 0000
2400 0000 9423 0000 9409 0000 0000 0000
f110 a31d 0000 0000 1400 0000 0400 0000
b823 0000 b809 0000 0000 0000 0000 0000
0000 0000 f110 a31d 0000 0000 9a21 0000
0100 0000 0500 0000 0500 0000 6821 0000
7c21 0000 9021 0000 b221 0000 dd21 0000
0a22 0000 3522 0000 6322 0000 a721 0000
c821 0000 fd21 0000 2222 0000 5322 0000
0000 0100 0200 0300 0400 4e6f 726d 616c
697a 2e64 6c6c 0049 646e 546f 4173 6369
6900 6b65 726e 656c 6261 7365 2e49 646e
546f 4173 6369 6900 4964 6e54 6f4e 616d
6570 7265 7055 6e69 636f 6465 006b 6572
6e65 6c62 6173 652e 4964 6e54 6f4e 616d
6570 7265 7055 6e69 636f 6465 0049 646e
546f 556e 6963 6f64 6500 6b65 726e 656c
6261 7365 2e49 646e 546f 556e 6963 6f64
6500 4973 4e6f 726d 616c 697a 6564 5374
7269 6e67 006b 6572 6e65 6c62 6173 652e
4973 4e6f 726d 616c 697a 6564 5374 7269
6e67 004e 6f72 6d61 6c69 7a65 5374 7269
6e67 006b 6572 6e65 6c62 6173 652e 4e6f
726d 616c 697a 6553 7472 696e 6700 0000
1800 0000 0280 0280 0000 0000 0000 0000
0000 0000 0000 0000 5253 4453 da21 1b45
9b04 f588 2d0d 50b3 5982 1fce 0100 0000
6e6f 726d 616c 697a 2e70 6462 0000 0000
4743 544c 0010 0000 1300 0000 2e74 6578
7424 6d6e 0000 0000 0020 0000 c000 0000
2e72 6461 7461 2462 7263 0000 c020 0000
0800 0000 2e67 6669 6473 0000 c820 0000
7800 0000 2e72 6461 7461 0000 4021 0000
4001 0000 2e65 6461 7461 0000 8022 0000
1800 0000 2e72 6461 7461 2476 6f6c 746d
6400 0000 9822 0000 2401 0000 2e72 6461
7461 247a 7a7a 6462 6700 0000 0030 0000
4000 0000 2e64 6174 6100 0000 0040 0000
0800 0000 2e30 3063 6667 0000 0050 0000
6000 0000 2e72 7372 6324 3031 0000 0000
6050 0000 a003 0000 2e72 7372 6324 3032
0000 0000 2000 0000 da21 1b45 9b04 f588
2d0d 50b3 5982 1fce 9e51 9489 261e 49db
03ff c0f8 f110 a31d 8000 0000 0000 0000
0000 0000 0000 0000 0000 0000 0000 0000
0000 0000 0000 0000 0000 0000 0000 0000
0000 0000 0000 0000 0000 0000 0000 0000
0000 0000 0000 0000 0000 0000 0000 0000
4ee6 40bb 0000 0000 0000 0000 0000 0000
0000 0000 0000 0000 0000 0000 0000 0000
0000 0000 0000 0000 0000 0000 0000 0000
0000 0000 0000 0000 0000 0000 0000 0000
0000 0000 0000 0000 0000 0000 0000 0000
0000 0000 0000 0000 0000 0000 0000 0000
0000 0000 0000 0000 0000 0000 0000 0000
0000 0000 0000 0000 0000 0000 0000 0000
0000 0000 0000 0000 0000 0000 0000 0000
0000 0000 0000 0000 0000 0000 0000 0000
0000 0000 0000 0000 0000 0000 0000 0000
0000 0000 0000 0000 0000 0000 0000 0000
0000 0000 0000 0000 0000 0000 0000 0000
0000 0000 0000 0000 0000 0000 0000 0000
0000 0000 0000 0000 0000 0000 0000 0000
0000 0000 0000 0000 0000 0000 0000 0000
0000 0000 0000 0000 0000 0000 0000 0000
0000 0000 0000 0000 0000 0000 0000 0000
0000 0000 0000 0000 0000 0000 0000 0000
0000 0000 0000 0000 0000 0000 0000 0000
0000 0000 0000 0000 0000 0000 0000 0000
0000 0000 0000 0000 0000 0000 0000 0000
0000 0000 0000 0000 0000 0000 0000 0000
0000 0000 0000 0000 0000 0000 0000 0000
0000 0000 0000 0000 0000 0000 0000 0000
0000 0000 0000 0000 0000 0000 0000 0000
0000 0000 0000 0000 0000 0000 0000 0000
0000 0000 0000 0000 0000 0000 0000 0000
0000 0000 0000 0000 0000 0000 0000 0000
0000 0000 0000 0000 0000 0000 0000 0000
0000 0000 0000 0000 0000 0000 0000 0000
0000 0000 0000 0000 0000 0000 0000 0000
1010 0010 0000 0000 0000 0000 0000 0000
0000 0000 0000 0000 0000 0000 0000 0000
0000 0000 0000 0000 0000 0000 0000 0000
0000 0000 0000 0000 0000 0000 0000 0000
0000 0000 0000 0000 0000 0000 0000 0000
0000 0000 0000 0000 0000 0000 0000 0000
0000 0000 0000 0000 0000 0000 0000 0000
0000 0000 0000 0000 0000 0000 0000 0000
0000 0000 0000 0000 0000 0000 0000 0000
0000 0000 0000 0000 0000 0000 0000 0000
0000 0000 0000 0000 0000 0000 0000 0000
0000 0000 0000 0000 0000 0000 0000 0000
0000 0000 0000 0000 0000 0000 0000 0000
0000 0000 0000 0000 0000 0000 0000 0000
0000 0000 0000 0000 0000 0000 0000 0000
0000 0000 0000 0000 0000 0000 0000 0000
0000 0000 0000 0000 0000 0000 0000 0000
0000 0000 0000 0000 0000 0000 0000 0000
0000 0000 0000 0000 0000 0000 0000 0000
0000 0000 0000 0000 0000 0000 0000 0000
0000 0000 0000 0000 0000 0000 0000 0000
0000 0000 0000 0000 0000 0000 0000 0000
0000 0000 0000 0000 0000 0000 0000 0000
0000 0000 0000 0000 0000 0000 0000 0000
0000 0000 0000 0000 0000 0000 0000 0000
0000 0000 0000 0000 0000 0000 0000 0000
0000 0000 0000 0000 0000 0000 0000 0000
0000 0000 0000 0000 0000 0000 0000 0000
0000 0000 0000 0000 0000 0000 0000 0000
0000 0000 0000 0000 0000 0000 0000 0000
0000 0000 0000 0000 0000 0000 0000 0000
0000 0000 0000 0000 0000 0000 0000 0000
0000 0000 0000 0000 0000 0000 0000 0100
1000 0000 1800 0080 0000 0000 0000 0000
0000 0000 0000 0100 0100 0000 3000 0080
0000 0000 0000 0000 0000 0000 0000 0100
0904 0000 4800 0000 6050 0000 a003 0000
0000 0000 0000 0000 0000 0000 0000 0000
9003 3400 0000 5600 5300 5f00 5600 4500
5200 5300 4900 4f00 4e00 5f00 4900 4e00
4600 4f00 0000 0000 bd04 effe 0000 0100
0000 0a00 0100 f465 0000 0a00 0100 f465
3f00 0000 0000 0000 0400 0400 0200 0000
0000 0000 0000 0000 0000 0000 ee02 0000
0100 5300 7400 7200 6900 6e00 6700 4600
6900 6c00 6500 4900 6e00 6600 6f00 0000
ca02 0000 0100 3000 3400 3000 3900 3000
3400 4200 3000 0000 4c00 1600 0100 4300
6f00 6d00 7000 6100 6e00 7900 4e00 6100
6d00 6500 0000 0000 4d00 6900 6300 7200
6f00 7300 6f00 6600 7400 2000 4300 6f00
7200 7000 6f00 7200 6100 7400 6900 6f00
6e00 0000 5c00 1a00 0100 4600 6900 6c00
6500 4400 6500 7300 6300 7200 6900 7000
7400 6900 6f00 6e00 0000 0000 5500 6e00
6900 6300 6f00 6400 6500 2000 4e00 6f00
7200 6d00 6100 6c00 6900 7a00 6100 7400
6900 6f00 6e00 2000 4400 4c00 4c00 0000
6800 2400 0100 4600 6900 6c00 6500 5600
6500 7200 7300 6900 6f00 6e00 0000 0000
3100 3000 2e00 3000 2e00 3200 3600 3100
3000 3000 2e00 3100 2000 2800 5700 6900
6e00 4200 7500 6900 6c00 6400 2e00 3100
3600 3000 3100 3000 3100 2e00 3000 3800
3000 3000 2900 0000 3200 0900 0100 4900
6e00 7400 6500 7200 6e00 6100 6c00 4e00
6100 6d00 6500 0000 6e00 6f00 7200 6d00
6100 6c00 6900 7a00 0000 0000 8000 2e00
0100 4c00 6500 6700 6100 6c00 4300 6f00
7000 7900 7200 6900 6700 6800 7400 0000
a900 2000 4d00 6900 6300 7200 6f00 7300
6f00 6600 7400 2000 4300 6f00 7200 7000
6f00 7200 6100 7400 6900 6f00 6e00 2e00
2000 4100 6c00 6c00 2000 7200 6900 6700
6800 7400 7300 2000 7200 6500 7300 6500
7200 7600 6500 6400 2e00 0000 4200 0d00
0100 4f00 7200 6900 6700 6900 6e00 6100
6c00 4600 6900 6c00 6500 6e00 6100 6d00
6500 0000 6e00 6f00 7200 6d00 6100 6c00
6900 7a00 2e00 6400 6c00 6c00 0000 0000
6a00 2500 0100 5000 7200 6f00 6400 7500
6300 7400 4e00 6100 6d00 6500 0000 0000
4d00 6900 6300 7200 6f00 7300 6f00 6600
7400 ae00 2000 5700 6900 6e00 6400 6f00
7700 7300 ae00 2000 4f00 7000 6500 7200
6100 7400 6900 6e00 6700 2000 5300 7900
7300 7400 6500 6d00 0000 0000 3e00 0d00
0100 5000 7200 6f00 6400 7500 6300 7400
5600 6500 7200 7300 6900 6f00 6e00 0000
3100 3000 2e00 3000 2e00 3200 3600 3100
3000 3000 2e00 3100 0000 0000 4400 0000
0100 5600 6100 7200 4600 6900 6c00 6500
4900 6e00 6600 6f00 0000 0000 2400 0400
0000 5400 7200 6100 6e00 7300 6c00 6100
7400 6900 6f00 6e00 0000 0000 0904 b004
0000 0000 0000 0000 0000 0000 0000 0000
0020 0000 1400 0000 3c30 4830 5030 a030
b830 0000 0040 0000 0c00 0000 0030 0000
0000 0000 0000 0000 0000 0000 0000 0000
0000 0000 0000 0000 0000 0000 0000 0000
0000 0000 0000 0000 0000 0000 0000 0000
0000 0000 0000 0000 0000 0000 0000 0000
0000 0000 0000 0000 0000 0000 0000 0000
0000 0000 0000 0000 0000 0000 0000 0000
0000 0000 0000 0000 0000 0000 0000 0000
0000 0000 0000 0000 0000 0000 0000 0000
0000 0000 0000 0000 0000 0000 0000 0000
0000 0000 0000 0000 0000 0000 0000 0000
0000 0000 0000 0000 0000 0000 0000 0000
0000 0000 0000 0000 0000 0000 0000 0000
0000 0000 0000 0000 0000 0000 0000 0000
0000 0000 0000 0000 0000 0000 0000 0000
0000 0000 0000 0000 0000 0000 0000 0000
0000 0000 0000 0000 0000 0000 0000 0000
0000 0000 0000 0000 0000 0000 0000 0000
0000 0000 0000 0000 0000 0000 0000 0000
0000 0000 0000 0000 0000 0000 0000 0000
0000 0000 0000 0000 0000 0000 0000 0000
0000 0000 0000 0000 0000 0000 0000 0000
0000 0000 0000 0000 0000 0000 0000 0000
0000 0000 0000 0000 0000 0000 0000 0000
0000 0000 0000 0000 0000 0000 0000 0000
0000 0000 0000 0000 0000 0000 0000 0000
0000 0000 0000 0000 0000 0000 0000 0000
0000 0000 0000 0000 0000 0000 0000 0000
0000 0000 0000 0000 0000 0000 0000 0000
0000 0000 0000 0000 0000 0000 0000 0000
0000 0000 0000 0000 0000 0000 0000 0000
